,index,Unnamed: 0,Unnamed: 1,Unnamed: 2,Unnamed: 3,Unnamed: 4,Unnamed: 5,adx
0,0,2022-12-31,139.35,147.8,130.6,141.65,23788011155,
1,1,2023-01-31,142.45,161.8,133.05,142.0,50027734391,
2,2,2023-02-28,142.05,151.9,134.7,144.8,20693272259,
3,3,2023-03-31,145.65,170.6,144.4,152.0,32755356672,
4,4,2023-04-30,152.45,170.3,151.65,170.1,28604056306,
5,5,2023-05-31,171.1,183.45,159.35,182.15,46200232474,100.0
6,6,2023-06-30,181.95,220.05,181.9,215.55,44492950413,100.0
7,7,2023-07-31,216.7,261.85,215.5,261.0,46166192215,100.0
8,8,2023-08-31,262.1,277.15,249.6,258.25,65839373896,100.0
9,9,2023-09-30,255.85,313.85,225.45,252.65,90068547451,100.0
10,10,2023-10-31,251.0,254.0,238.3,246.25,9763515834,100.0
